Task #13
ID: 14
yfit(x)=5.99999999999998x^4+972.444444444445x^3-5.99999999999947x^2-22354.7301587302x+6.99999999999665
